    0.15808    31.73356     3.33268     3.29304
    9.58567    19.66766    -2.23795     3.62502
   23.24264   -19.66182     3.33992     3.05511
   -9.38988   -21.44474    -3.12031     3.28168
   -6.50786   -27.70798     2.82612     3.42099
  -13.16776    26.93423    -2.60142     3.58165
   16.53808    -7.13381     3.54194     3.33523
  -13.89210   -23.38283     3.30684     3.88160
   -8.35304     0.39062    -2.33767     3.30374
   -5.75869   -14.33514     1.85730     3.79467
  -25.52535     8.51501     1.37868     3.55662
   -3.02052    22.96829     1.38785     3.79971
