  -14.43193   -12.15109     5.07544     2.07748
   22.87393    23.88872     0.06282     2.71997
   12.54387     2.50119     4.57378     2.29374
  -24.80683    -5.29320    -0.09257     2.39390
   31.68676   -10.00846    -3.09130     2.66702
   15.63069    18.98690    -3.76770     2.74879
   -3.53528   -32.81400     1.40629     2.92131
  -20.86484   -17.36043     0.63982     2.27347
   25.72300   -18.60721     0.06075     2.25928
   -8.52553     9.60037    -1.83985     2.02540
  -27.67605    14.31391     1.03397     2.56880
   19.74741    -0.24790     1.75503     2.19451
  -14.83038    26.89759    -1.32231     2.87832
  -22.30739    18.05792    -0.00916     2.11051
   23.27069   -10.98307     0.63755     2.55615
  -21.83705    -8.36821     4.52642     2.15535
   -5.43987   -25.62673     3.24057     2.37571
  -30.11764     6.63535    -2.85508     2.94496
   32.56310     6.94546     3.72976     2.71725
    4.95763    31.86006     5.14284     2.07933
  -13.81796    -3.64242     4.55515     2.52013
  -34.37442     3.29718     1.53865     2.66221
   16.20028   -15.37506     1.48796     2.23367
    2.53999     1.15013     4.78368     2.13400
  -32.96893    11.07781    -2.28347     2.13373
  -13.01382     6.04531    -1.64889     2.27090
  -18.04630    20.55735     3.40840     2.07444
   31.05734    15.16405    -1.82493     2.81431
   18.06046     5.82105     3.81676     2.46053
  -16.35311   -30.83731     4.81834     2.36102
    5.72189   -13.35695     3.47856     2.79645
  -15.06996     0.83615    -2.07643     2.75957
