    5.70022   -24.81166    -3.82130     1.14086
   15.27003    19.83534    -4.87830     1.92424
   18.44380   -13.20950    -0.71049     1.96653
  -13.37523    19.53450     4.02653     1.51867
   -9.43462    20.47042     4.43572     1.20051
  -26.33263    20.88674    -5.47137     1.51084
  -19.52179     6.22935    -0.05855     1.87812
    9.24518   -24.54416     2.76592     1.58251
   26.12111   -11.23489     2.96024     1.24503
    7.54466     4.87326     0.07309     1.07266
   -4.89708   -27.63181    -2.65820     1.21122
   22.53654    18.45812    -3.34729     1.22972
   33.21715     1.07238     4.20200     1.59028
  -22.10670     9.60386     4.55060     1.14006
  -22.97772    -1.49133     2.81296     1.17919
  -10.02238     1.41061     4.93334     1.73513
   17.02398     8.57318     1.67658     1.94675
   22.86254   -25.69103     1.43413     1.76389
   11.99398    13.25229    -4.42538     1.16410
   13.86046    30.09848     1.75111     1.98763
    5.58293    -8.51157    -4.12087     1.13622
  -24.86214    24.32769     4.27251     1.62223
   -3.64183    12.83186    -4.77163     1.37674
   -1.11381     2.60849    -3.34384     1.13570
   29.92712    19.28523    -0.38870     1.04375
   21.35319   -11.01501     4.86908     1.37653
    8.22723    23.30753    -5.49560     1.15221
  -23.38535    11.55527    -5.21045     1.79479
   11.58200   -23.36183    -4.44890     1.72699
  -28.94662   -15.93880     3.59665     1.19869
   27.01070   -18.02665     0.00212     1.62722
   14.21331   -10.15149    -6.07830     1.16512
  -14.03535    18.92587     0.77328     1.26222
  -23.57767   -20.42991    -3.34178     1.11225
    1.35183    -3.66093     4.52368     1.26526
  -36.17419    -2.68240    -6.07786     1.09736
  -24.71581     0.56658    -5.94833     1.17943
    3.12150    22.24617    -2.89440     1.88616
   13.03951     7.49131     3.21643     1.82094
   16.18612   -22.75255    -0.03964     1.79117
    3.89783   -19.70370    -1.56348     1.06993
    9.78653   -32.18100    -3.94084     1.16935
    2.83695    17.52095    -2.77158     1.90315
   -3.11576    33.85424    -2.42505     1.46021
   -0.71498   -16.55786    -4.86120     1.43758
   -7.52947    24.58261    -1.95989     1.07528
    7.20170   -15.20038    -3.71699     1.82227
    4.03824    33.95581     5.68993     1.52501
    5.19335     9.21921     5.16572     1.30953
    7.83441    22.91005     2.47073     1.85102
  -10.87615   -17.44322     1.11291     1.65302
    6.79026    28.91918     5.14702     1.44349
   -9.88709    18.61367     2.07899     1.54256
   31.33312   -17.75686    -3.14871     1.31804
  -31.65465     3.77590    -4.14825     1.04683
  -21.70826    23.75060     1.41946     1.77871
   33.38942   -12.08975    -4.12730     1.80312
   25.65020   -15.65129    -6.01507     1.17834
  -30.36962     5.68160    -4.85358     1.23764
   -4.83156     4.70431    -1.96701     1.04851
    9.68422    30.82175    -0.42521     1.75953
  -17.92969   -16.18749     1.72812     1.13093
  -22.43615   -27.24655     5.04669     1.33830
  -29.39911    17.21421    -5.36718     1.89204
  -17.23463   -10.42659     2.18339     1.89458
   23.39276    -5.31826    -4.79737     1.06360
   31.84072    14.37512    -5.88770     1.35459
  -19.54597    -5.54866     5.15975     1.03690
  -31.26936   -12.43045    -1.70266     1.97028
   -1.15937    -7.14876    -3.32682     1.80648
  -14.72220     9.97014     0.57563     1.47740
   26.26107   -20.99953     6.08648     1.01331
  -35.65733     1.28835    -4.39998     1.44352
  -10.77169    30.71480     1.00973     1.38273
   13.95157    18.84147     1.26646     1.78166
   -3.88046    -4.37685     0.74711     1.83454
    7.29140    31.85043     1.72120     1.25568
    6.85551    12.20779     2.07222     1.73543
   18.19204    13.47434    -4.85120     1.94922
    3.00027   -34.03790     0.72033     1.27397
    0.95738    27.52209     5.55491     1.26635
   -8.00852    16.51303     4.93385     1.49785
   27.55855     6.14038    -5.20171     1.25016
    9.27154    14.40603     1.22631     1.26900
   -0.34528    26.99882    -1.30949     1.53550
  -20.88527    28.04250    -1.69423     1.62211
   -5.14506    30.86929    -4.92987     1.32721
   -0.91695     6.32721     1.86389     1.53149
   33.65176    -4.21698     1.65068     1.58812
   -9.27030    26.69361    -5.98919     1.25177
    0.71105    -1.28899    -2.77414     1.42715
    2.54928    -9.10064    -1.96864     1.65027
   -0.05225   -19.04628    -1.56322     1.02884
   13.77963     5.03027    -1.47840     1.03871
  -35.52185    -4.26815    -4.18532     1.11044
   11.65287   -10.62754     0.95687     1.74253
   24.86937    25.10071    -1.53217     1.58471
  -31.31250   -15.62124     0.16842     1.38573
   18.59222   -21.67986    -3.22070     1.06972
   36.15712     0.13942     5.27534     1.05816
   -0.26640   -19.08593     0.96308     1.22536
  -30.81006   -12.54776     4.67017     1.04266
  -28.82642   -15.03540     1.05713     1.21282
   35.08346     4.47633     0.63542     1.63614
    8.93620   -15.42539     5.45598     1.17768
  -24.12792   -16.65415    -1.77583     1.22091
   13.64344    -3.57508    -3.29857     1.85723
   -1.47551   -24.10627     4.98527     1.32467
  -13.46501    12.42469     5.83513     1.40000
   27.60673    -7.45165     0.96290     1.13071
   -0.75512    26.74910    -5.15262     1.83916
  -26.17223    18.06301    -5.16546     1.10947
   11.33019   -16.99744    -5.22638     1.23194
   32.26543   -14.27441     3.55680     1.09420
   17.13887    -6.65955    -4.84164     1.30158
   13.08886     0.41429     3.74063     1.58456
   29.31182    10.77859     5.62432     1.01978
   24.44083    20.04589    -0.28559     1.77946
   20.10853    -0.92948     4.55316     1.97894
   10.49947    25.33727     1.55426     1.63847
   20.12662     3.36740     1.99081     1.28953
  -16.65488   -14.05641     5.41556     1.52226
